3
0.995258539228 0.027481697791 -0.0933016418999 0.0
0.057451173197 -0.940135345847 0.335923941074 0.0
-0.0784844111463 -0.339691459674 -0.937256586764 0.0
-0.00894448973753 0.047422866345 0.115054595043 1.0
0.996679 0.000724 -0.081428 0.000000
0.027949 -0.942257 0.333721 0.000000
-0.076485 -0.334889 -0.939148 0.000000
-0.073663 0.027878 0.015029 1.000000
-0.025172 0.937669 -0.346617 0.000000
-0.997673 -0.001585 0.068165 0.000000
0.063367 0.347526 0.935527 0.000000
-0.065306 0.056404 0.006341 1.000000
4050.582735