3
0.999702439556 0.023982860003 0.00445586935951 0.0
0.0198487204866 -0.90595044296 0.422918222824 0.0
0.0141795853507 -0.422703935784 -0.906156897028 0.0
0.0125346761135 -0.00412356235182 0.10913975205 1.0
0.999991 -0.003289 -0.002528 0.000000
-0.001920 -0.907144 0.420815 0.000000
-0.003678 -0.420807 -0.907143 0.000000
-0.017417 -0.023186 0.002727 1.000000
0.005685 0.901390 -0.432971 0.000000
-0.999943 0.001199 -0.010634 0.000000
-0.009067 0.433007 0.901345 0.000000
-0.008295 0.004440 -0.007884 1.000000
4047.671995