3
0.999781513683 0.0207559481615 -0.00247295641849 0.0
0.0198483477697 -0.905581364531 0.423707959927 0.0
0.00655499720397 -0.423664469634 -0.905795478671 0.0
0.0250616205256 0.00735478069006 0.108710215855 1.0
0.999982 -0.004349 -0.004064 0.000000
-0.002259 -0.909030 0.416725 0.000000
-0.005507 -0.416708 -0.909024 0.000000
-0.019669 -0.021428 0.004673 1.000000
0.006000 0.903326 -0.428913 0.000000
-0.999956 0.002317 -0.009108 0.000000
-0.007234 0.428948 0.903300 0.000000
-0.010534 0.006236 -0.005827 1.000000
4048.006563