3
0.852654088795 0.0164497770344 0.522216822496 0.0
-0.299271079735 -0.803916143405 0.513960752594 0.0
0.428273073747 -0.594515129503 -0.680539444188 0.0
-0.519449203114 -0.0411401061662 -0.874444287535 1.0
0.834614 0.013275 0.550675 0.000000
-0.317028 -0.805960 0.499923 0.000000
0.450458 -0.591822 -0.668457 0.000000
-0.503399 -0.053541 -0.827392 1.000000
0.326233 0.797980 -0.506754 0.000000
-0.827610 -0.017925 -0.561017 0.000000
-0.456764 0.602417 0.654569 0.000000
-0.487389 -0.028407 -0.835815 1.000000
4091.098771