3
0.980712934446 0.109537181727 0.161875711675 0.0
0.107029951782 -0.99396232609 0.024155407979 0.0
0.163544274228 -0.00636397142666 -0.986515468827 0.0
-0.0122838518892 -0.455663020986 -0.49307823698 1.0
0.985376 0.079739 0.150587 0.000000
0.082308 -0.996547 -0.010889 0.000000
0.149198 0.023124 -0.988537 0.000000
-0.025195 -0.432290 -0.489261 1.000000
-0.076536 0.997065 -0.001819 0.000000
-0.983675 -0.075806 -0.163207 0.000000
-0.162866 -0.010702 0.986590 0.000000
-0.019005 -0.402173 -0.485566 1.000000
4077.548820