3
0.859865072716 0.00945803453573 0.510433739389 0.0
-0.290846356883 -0.812633077925 0.505010769538 0.0
0.419571750016 -0.582698915602 -0.696003965754 0.0
-0.512306387525 -0.0342148299289 -0.857257565427 1.0
0.841832 0.003717 0.539726 0.000000
-0.309996 -0.815264 0.489128 0.000000
0.441838 -0.579077 -0.685164 0.000000
-0.497189 -0.048818 -0.813647 1.000000
0.319114 0.807419 -0.496227 0.000000
-0.834964 -0.008171 -0.550244 0.000000
-0.448332 0.589922 0.671558 0.000000
-0.481304 -0.023522 -0.821816 1.000000
4089.024473