3
0.770608843643 0.0295986987087 0.636620709005 0.0
-0.354570024056 -0.810135999364 0.466861607519 0.0
0.529567850365 -0.585494303618 -0.61380315435 0.0
-0.534920876545 -0.0359249956592 -0.861674085103 1.0
0.747997 0.030865 0.662984 0.000000
-0.367554 -0.812489 0.452510 0.000000
0.552634 -0.582159 -0.596394 0.000000
-0.522517 -0.051249 -0.818162 1.000000
0.377797 0.804706 -0.457949 0.000000
-0.739507 -0.035366 -0.672220 0.000000
-0.557135 0.592619 0.581724 0.000000
-0.506006 -0.025782 -0.824314 1.000000
4093.139628