3
0.975412807897 -0.00544118417712 0.220318514211 0.0
-0.090565927296 -0.921279663143 0.378208401669 0.0
0.200917064986 -0.388862669582 -0.899120768975 0.0
-0.276114851694 -0.1721835542 0.0598059269707 1.0
0.974290 -0.000162 0.225297 0.000000
-0.082891 -0.930115 0.357792 0.000000
0.209494 -0.367268 -0.906215 0.000000
-0.266183 -0.188832 0.061007 1.000000
0.089414 0.925090 -0.369072 0.000000
-0.971216 -0.001159 -0.238198 0.000000
-0.220782 0.379747 0.898358 0.000000
-0.255335 -0.160608 0.054319 1.000000
4066.775767