3
0.839712630238 -0.00135642072859 0.543029335066 0.0
-0.33143558714 -0.793414402855 0.510533090915 0.0
0.430154797947 -0.608680331097 -0.66668966119 0.0
-0.506703400737 -0.0519109948579 -0.850294824667 1.0
0.834321 0.010057 0.551188 0.000000
-0.320928 -0.804085 0.500453 0.000000
0.448235 -0.594430 -0.667637 0.000000
-0.502255 -0.054692 -0.826584 1.000000
0.330101 0.796058 -0.507271 0.000000
-0.827331 -0.014748 -0.561521 0.000000
-0.454485 0.605040 0.653736 0.000000
-0.486129 -0.029636 -0.835020 1.000000
4090.764205