3
0.84696985028 -0.00605520169429 0.531606440188 0.0
-0.316965130894 -0.808534108617 0.495787959716 0.0
0.426819843159 -0.58841815891 -0.686723300719 0.0
-0.502778613773 -0.052981157966 -0.835991819375 1.0
0.841832 0.003717 0.539726 0.000000
-0.309996 -0.815264 0.489128 0.000000
0.441838 -0.579077 -0.685164 0.000000
-0.497189 -0.048818 -0.813647 1.000000
0.319114 0.807419 -0.496227 0.000000
-0.834964 -0.008171 -0.550244 0.000000
-0.448332 0.589922 0.671558 0.000000
-0.481304 -0.023522 -0.821816 1.000000
4089.024473