3
0.986049104039 0.0802228762738 0.145847367295 0.0
0.080165885693 -0.996761767114 0.00627776951066 0.0
0.14587870028 0.00550179437382 -0.989287185333 0.0
-0.0381915946603 -0.431423961455 -0.499851348305 1.0
0.985376 0.079739 0.150587 0.000000
0.082308 -0.996547 -0.010889 0.000000
0.149198 0.023124 -0.988537 0.000000
-0.025195 -0.432290 -0.489261 1.000000
-0.076536 0.997065 -0.001819 0.000000
-0.983675 -0.075806 -0.163207 0.000000
-0.162866 -0.010702 0.986590 0.000000
-0.019005 -0.402173 -0.485566 1.000000
4077.548820