3
0.982299466181 0.0904778284726 0.164016832353 0.0
0.0921686452699 -0.995739717442 -0.00271218315054 0.0
0.163072681861 0.0177813853004 -0.986453811776 0.0
-0.0468022812679 -0.432433431688 -0.496010539905 1.0
0.982038 0.092174 0.164636 0.000000
0.096592 -0.995142 -0.019019 0.000000
0.162083 0.034580 -0.986171 0.000000
-0.027668 -0.430975 -0.485071 1.000000
-0.090131 0.995910 0.006218 0.000000
-0.980403 -0.087626 -0.176441 0.000000
-0.175175 -0.021999 0.984291 0.000000
-0.021868 -0.400838 -0.481109 1.000000
4077.916837