3
0.683389395043 -0.06467992088 0.727183224901 0.0
-0.496609458822 -0.771295601922 0.398098153555 0.0
0.535124266083 -0.633182124108 -0.559215895302 0.0
-0.510077267557 -0.07619070127 -1.17168784015 1.0
0.678237 -0.048250 0.733258 0.000000
-0.486268 -0.777593 0.398613 0.000000
0.550943 -0.626914 -0.550855 0.000000
-0.508887 -0.072030 -1.138801 1.000000
0.496210 0.768911 -0.403177 0.000000
-0.669342 0.043042 -0.741706 0.000000
-0.552953 0.637906 0.536022 0.000000
-0.489498 -0.048219 -1.142816 1.000000
4097.020607