3
0.99995496984 -0.00819511863019 -0.00478521919571 0.0
-0.00538056577446 -0.904960047144 0.425462527826 0.0
-0.00781714807718 -0.425417621994 -0.904963391024 0.0
-0.0128024807427 -0.0223615724178 0.00900500138669 1.0
0.999991 -0.003289 -0.002528 0.000000
-0.001920 -0.907144 0.420815 0.000000
-0.003678 -0.420807 -0.907143 0.000000
-0.017417 -0.023186 0.002727 1.000000
0.005685 0.901390 -0.432971 0.000000
-0.999943 0.001199 -0.010634 0.000000
-0.009067 0.433007 0.901345 0.000000
-0.008295 0.004440 -0.007884 1.000000
4047.671995